[[34.62365962 78.02469282]
 [30.28671077 43.89499752]
 [35.84740877 72.90219803]
 [60.18259939 86.3085521 ]
 [79.03273605 75.34437644]
 [45.08327748 56.31637178]
 [61.10666454 96.51142588]
 [75.02474557 46.55401354]
 [76.0987867  87.42056972]
 [84.43281996 43.53339331]
 [95.86155507 38.22527806]
 [75.01365839 30.60326323]
 [82.30705337 76.4819633 ]
 [69.36458876 97.71869196]
 [39.53833914 76.03681085]
 [53.97105215 89.20735014]
 [69.07014406 52.74046973]
 [67.94685548 46.67857411]
 [70.66150955 92.92713789]
 [76.97878373 47.57596365]
 [67.37202755 42.83843832]
 [89.67677575 65.79936593]
 [50.53478829 48.85581153]
 [34.21206098 44.2095286 ]
 [77.92409145 68.97235999]
 [62.27101367 69.95445795]
 [80.19018075 44.82162893]
 [93.1143888  38.80067034]
 [61.83020602 50.25610789]
 [38.7858038  64.99568096]
 [61.37928945 72.80788731]
 [85.40451939 57.05198398]
 [52.10797973 63.12762377]
 [52.04540477 69.43286012]
 [40.23689374 71.16774802]
 [54.63510555 52.21388588]
 [33.91550011 98.86943574]
 [64.17698887 80.90806059]
 [74.78925296 41.57341523]
 [34.18364003 75.23772034]
 [83.90239366 56.30804622]
 [51.54772027 46.85629026]
 [94.44336777 65.56892161]
 [82.36875376 40.61825516]
 [51.04775177 45.82270146]
 [62.22267576 52.06099195]
 [77.19303493 70.4582    ]
 [97.77159928 86.72782233]
 [62.0730638  96.76882412]
 [91.5649745  88.69629255]
 [79.94481794 74.16311935]
 [99.27252693 60.999031  ]
 [90.54671411 43.39060181]
 [34.52451385 60.39634246]
 [50.28649612 49.80453881]
 [49.58667722 59.80895099]
 [97.64563396 68.86157272]
 [32.57720017 95.59854761]
 [74.24869137 69.82457123]
 [71.79646206 78.45356225]
 [75.39561147 85.75993667]
 [35.28611282 47.02051395]
 [56.2538175  39.26147251]
 [30.05882245 49.59297387]
 [44.66826172 66.45008615]
 [66.56089447 41.09209808]
 [40.45755098 97.53518549]
 [49.07256322 51.88321182]
 [80.27957401 92.11606081]
 [66.74671857 60.99139403]
 [32.72283304 43.30717306]
 [64.03932042 78.03168802]
 [72.34649423 96.22759297]
 [60.45788574 73.0949981 ]
 [58.84095622 75.85844831]
 [99.8278578  72.36925193]
 [47.26426911 88.475865  ]
 [50.4581598  75.80985953]
 [60.45555629 42.50840944]
 [82.22666158 42.71987854]
 [88.91389642 69.8037889 ]
 [94.83450672 45.6943068 ]
 [67.31925747 66.58935318]
 [57.23870632 59.51428198]
 [80.366756   90.9601479 ]
 [68.46852179 85.5943071 ]
 [42.07545454 78.844786  ]
 [75.47770201 90.424539  ]
 [78.63542435 96.64742717]
 [52.34800399 60.76950526]
 [94.09433113 77.15910509]
 [90.44855097 87.50879176]
 [55.48216114 35.57070347]
 [74.49269242 84.84513685]
 [89.84580671 45.35828361]
 [83.48916274 48.3802858 ]
 [42.26170081 87.10385094]
 [99.31500881 68.77540947]
 [55.34001756 64.93193801]
 [74.775893   89.5298129 ]]
This is Y
[0 0 0 1 1 0 1 1 1 1 0 0 1 1 0 1 1 0 1 1 0 1 0 0 1 1 1 0 0 0 1 1 0 1 0 0 0
 1 0 0 1 0 1 0 0 0 1 1 1 1 1 1 1 0 0 0 1 0 1 1 1 0 0 0 0 0 1 0 1 1 0 1 1 1
 1 1 1 1 0 0 1 1 1 1 1 1 0 1 1 0 1 1 0 1 1 1 1 1 1 1]
[[ 1.         34.62365962 78.02469282]
 [ 1.         30.28671077 43.89499752]
 [ 1.         35.84740877 72.90219803]
 [ 1.         60.18259939 86.3085521 ]
 [ 1.         79.03273605 75.34437644]
 [ 1.         45.08327748 56.31637178]
 [ 1.         61.10666454 96.51142588]
 [ 1.         75.02474557 46.55401354]
 [ 1.         76.0987867  87.42056972]
 [ 1.         84.43281996 43.53339331]
 [ 1.         95.86155507 38.22527806]
 [ 1.         75.01365839 30.60326323]
 [ 1.         82.30705337 76.4819633 ]
 [ 1.         69.36458876 97.71869196]
 [ 1.         39.53833914 76.03681085]
 [ 1.         53.97105215 89.20735014]
 [ 1.         69.07014406 52.74046973]
 [ 1.         67.94685548 46.67857411]
 [ 1.         70.66150955 92.92713789]
 [ 1.         76.97878373 47.57596365]
 [ 1.         67.37202755 42.83843832]
 [ 1.         89.67677575 65.79936593]
 [ 1.         50.53478829 48.85581153]
 [ 1.         34.21206098 44.2095286 ]
 [ 1.         77.92409145 68.97235999]
 [ 1.         62.27101367 69.95445795]
 [ 1.         80.19018075 44.82162893]
 [ 1.         93.1143888  38.80067034]
 [ 1.         61.83020602 50.25610789]
 [ 1.         38.7858038  64.99568096]
 [ 1.         61.37928945 72.80788731]
 [ 1.         85.40451939 57.05198398]
 [ 1.         52.10797973 63.12762377]
 [ 1.         52.04540477 69.43286012]
 [ 1.         40.23689374 71.16774802]
 [ 1.         54.63510555 52.21388588]
 [ 1.         33.91550011 98.86943574]
 [ 1.         64.17698887 80.90806059]
 [ 1.         74.78925296 41.57341523]
 [ 1.         34.18364003 75.23772034]
 [ 1.         83.90239366 56.30804622]
 [ 1.         51.54772027 46.85629026]
 [ 1.         94.44336777 65.56892161]
 [ 1.         82.36875376 40.61825516]
 [ 1.         51.04775177 45.82270146]
 [ 1.         62.22267576 52.06099195]
 [ 1.         77.19303493 70.4582    ]
 [ 1.         97.77159928 86.72782233]
 [ 1.         62.0730638  96.76882412]
 [ 1.         91.5649745  88.69629255]
 [ 1.         79.94481794 74.16311935]
 [ 1.         99.27252693 60.999031  ]
 [ 1.         90.54671411 43.39060181]
 [ 1.         34.52451385 60.39634246]
 [ 1.         50.28649612 49.80453881]
 [ 1.         49.58667722 59.80895099]
 [ 1.         97.64563396 68.86157272]
 [ 1.         32.57720017 95.59854761]
 [ 1.         74.24869137 69.82457123]
 [ 1.         71.79646206 78.45356225]
 [ 1.         75.39561147 85.75993667]
 [ 1.         35.28611282 47.02051395]
 [ 1.         56.2538175  39.26147251]
 [ 1.         30.05882245 49.59297387]
 [ 1.         44.66826172 66.45008615]
 [ 1.         66.56089447 41.09209808]
 [ 1.         40.45755098 97.53518549]
 [ 1.         49.07256322 51.88321182]
 [ 1.         80.27957401 92.11606081]
 [ 1.         66.74671857 60.99139403]
 [ 1.         32.72283304 43.30717306]
 [ 1.         64.03932042 78.03168802]
 [ 1.         72.34649423 96.22759297]
 [ 1.         60.45788574 73.0949981 ]
 [ 1.         58.84095622 75.85844831]
 [ 1.         99.8278578  72.36925193]
 [ 1.         47.26426911 88.475865  ]
 [ 1.         50.4581598  75.80985953]
 [ 1.         60.45555629 42.50840944]
 [ 1.         82.22666158 42.71987854]
 [ 1.         88.91389642 69.8037889 ]
 [ 1.         94.83450672 45.6943068 ]
 [ 1.         67.31925747 66.58935318]
 [ 1.         57.23870632 59.51428198]
 [ 1.         80.366756   90.9601479 ]
 [ 1.         68.46852179 85.5943071 ]
 [ 1.         42.07545454 78.844786  ]
 [ 1.         75.47770201 90.424539  ]
 [ 1.         78.63542435 96.64742717]
 [ 1.         52.34800399 60.76950526]
 [ 1.         94.09433113 77.15910509]
 [ 1.         90.44855097 87.50879176]
 [ 1.         55.48216114 35.57070347]
 [ 1.         74.49269242 84.84513685]
 [ 1.         89.84580671 45.35828361]
 [ 1.         83.48916274 48.3802858 ]
 [ 1.         42.26170081 87.10385094]
 [ 1.         99.31500881 68.77540947]
 [ 1.         55.34001756 64.93193801]
 [ 1.         74.775893   89.5298129 ]]
[0. 0. 0.]
[0 0 0 1 1 0 1 1 1 1 0 0 1 1 0 1 1 0 1 1 0 1 0 0 1 1 1 0 0 0 1 1 0 1 0 0 0
 1 0 0 1 0 1 0 0 0 1 1 1 1 1 1 1 0 0 0 1 0 1 1 1 0 0 0 0 0 1 0 1 1 0 1 1 1
 1 1 1 1 0 0 1 1 1 1 1 1 0 1 1 0 1 1 0 1 1 1 1 1 1 1]
gitEXAMS
[[ 1.         34.62365962 78.02469282]
 [ 1.         30.28671077 43.89499752]
 [ 1.         35.84740877 72.90219803]
 [ 1.         60.18259939 86.3085521 ]
 [ 1.         79.03273605 75.34437644]
 [ 1.         45.08327748 56.31637178]
 [ 1.         61.10666454 96.51142588]
 [ 1.         75.02474557 46.55401354]
 [ 1.         76.0987867  87.42056972]
 [ 1.         84.43281996 43.53339331]
 [ 1.         95.86155507 38.22527806]
 [ 1.         75.01365839 30.60326323]
 [ 1.         82.30705337 76.4819633 ]
 [ 1.         69.36458876 97.71869196]
 [ 1.         39.53833914 76.03681085]
 [ 1.         53.97105215 89.20735014]
 [ 1.         69.07014406 52.74046973]
 [ 1.         67.94685548 46.67857411]
 [ 1.         70.66150955 92.92713789]
 [ 1.         76.97878373 47.57596365]
 [ 1.         67.37202755 42.83843832]
 [ 1.         89.67677575 65.79936593]
 [ 1.         50.53478829 48.85581153]
 [ 1.         34.21206098 44.2095286 ]
 [ 1.         77.92409145 68.97235999]
 [ 1.         62.27101367 69.95445795]
 [ 1.         80.19018075 44.82162893]
 [ 1.         93.1143888  38.80067034]
 [ 1.         61.83020602 50.25610789]
 [ 1.         38.7858038  64.99568096]
 [ 1.         61.37928945 72.80788731]
 [ 1.         85.40451939 57.05198398]
 [ 1.         52.10797973 63.12762377]
 [ 1.         52.04540477 69.43286012]
 [ 1.         40.23689374 71.16774802]
 [ 1.         54.63510555 52.21388588]
 [ 1.         33.91550011 98.86943574]
 [ 1.         64.17698887 80.90806059]
 [ 1.         74.78925296 41.57341523]
 [ 1.         34.18364003 75.23772034]
 [ 1.         83.90239366 56.30804622]
 [ 1.         51.54772027 46.85629026]
 [ 1.         94.44336777 65.56892161]
 [ 1.         82.36875376 40.61825516]
 [ 1.         51.04775177 45.82270146]
 [ 1.         62.22267576 52.06099195]
 [ 1.         77.19303493 70.4582    ]
 [ 1.         97.77159928 86.72782233]
 [ 1.         62.0730638  96.76882412]
 [ 1.         91.5649745  88.69629255]
 [ 1.         79.94481794 74.16311935]
 [ 1.         99.27252693 60.999031  ]
 [ 1.         90.54671411 43.39060181]
 [ 1.         34.52451385 60.39634246]
 [ 1.         50.28649612 49.80453881]
 [ 1.         49.58667722 59.80895099]
 [ 1.         97.64563396 68.86157272]
 [ 1.         32.57720017 95.59854761]
 [ 1.         74.24869137 69.82457123]
 [ 1.         71.79646206 78.45356225]
 [ 1.         75.39561147 85.75993667]
 [ 1.         35.28611282 47.02051395]
 [ 1.         56.2538175  39.26147251]
 [ 1.         30.05882245 49.59297387]
 [ 1.         44.66826172 66.45008615]
 [ 1.         66.56089447 41.09209808]
 [ 1.         40.45755098 97.53518549]
 [ 1.         49.07256322 51.88321182]
 [ 1.         80.27957401 92.11606081]
 [ 1.         66.74671857 60.99139403]
 [ 1.         32.72283304 43.30717306]
 [ 1.         64.03932042 78.03168802]
 [ 1.         72.34649423 96.22759297]
 [ 1.         60.45788574 73.0949981 ]
 [ 1.         58.84095622 75.85844831]
 [ 1.         99.8278578  72.36925193]
 [ 1.         47.26426911 88.475865  ]
 [ 1.         50.4581598  75.80985953]
 [ 1.         60.45555629 42.50840944]
 [ 1.         82.22666158 42.71987854]
 [ 1.         88.91389642 69.8037889 ]
 [ 1.         94.83450672 45.6943068 ]
 [ 1.         67.31925747 66.58935318]
 [ 1.         57.23870632 59.51428198]
 [ 1.         80.366756   90.9601479 ]
 [ 1.         68.46852179 85.5943071 ]
 [ 1.         42.07545454 78.844786  ]
 [ 1.         75.47770201 90.424539  ]
 [ 1.         78.63542435 96.64742717]
 [ 1.         52.34800399 60.76950526]
 [ 1.         94.09433113 77.15910509]
 [ 1.         90.44855097 87.50879176]
 [ 1.         55.48216114 35.57070347]
 [ 1.         74.49269242 84.84513685]
 [ 1.         89.84580671 45.35828361]
 [ 1.         83.48916274 48.3802858 ]
 [ 1.         42.26170081 87.10385094]
 [ 1.         99.31500881 68.77540947]
 [ 1.         55.34001756 64.93193801]
 [ 1.         74.775893   89.5298129 ]]
BEFORE    !
[[ 0.5]
 [ 0.5]
 [ 0.5]
 [-0.5]
 [-0.5]
 [ 0.5]
 [-0.5]
 [-0.5]
 [-0.5]
 [-0.5]
 [ 0.5]
 [ 0.5]
 [-0.5]
 [-0.5]
 [ 0.5]
 [-0.5]
 [-0.5]
 [ 0.5]
 [-0.5]
 [-0.5]
 [ 0.5]
 [-0.5]
 [ 0.5]
 [ 0.5]
 [-0.5]
 [-0.5]
 [-0.5]
 [ 0.5]
 [ 0.5]
 [ 0.5]
 [-0.5]
 [-0.5]
 [ 0.5]
 [-0.5]
 [ 0.5]
 [ 0.5]
 [ 0.5]
 [-0.5]
 [ 0.5]
 [ 0.5]
 [-0.5]
 [ 0.5]
 [-0.5]
 [ 0.5]
 [ 0.5]
 [ 0.5]
 [-0.5]
 [-0.5]
 [-0.5]
 [-0.5]
 [-0.5]
 [-0.5]
 [-0.5]
 [ 0.5]
 [ 0.5]
 [ 0.5]
 [-0.5]
 [ 0.5]
 [-0.5]
 [-0.5]
 [-0.5]
 [ 0.5]
 [ 0.5]
 [ 0.5]
 [ 0.5]
 [ 0.5]
 [-0.5]
 [ 0.5]
 [-0.5]
 [-0.5]
 [ 0.5]
 [-0.5]
 [-0.5]
 [-0.5]
 [-0.5]
 [-0.5]
 [-0.5]
 [-0.5]
 [ 0.5]
 [ 0.5]
 [-0.5]
 [-0.5]
 [-0.5]
 [-0.5]
 [-0.5]
 [-0.5]
 [ 0.5]
 [-0.5]
 [-0.5]
 [ 0.5]
 [-0.5]
 [-0.5]
 [ 0.5]
 [-0.5]
 [-0.5]
 [-0.5]
 [-0.5]
 [-0.5]
 [-0.5]
 [-0.5]]
AFTER      !
[[  0.5         17.31182981  39.01234641]
 [  0.5         15.14335538  21.94749876]
 [  0.5         17.92370438  36.45109901]
 [ -0.5        -30.09129969 -43.15427605]
 [ -0.5        -39.51636803 -37.67218822]
 [  0.5         22.54163874  28.15818589]
 [ -0.5        -30.55333227 -48.25571294]
 [ -0.5        -37.51237278 -23.27700677]
 [ -0.5        -38.04939335 -43.71028486]
 [ -0.5        -42.21640998 -21.76669666]
 [  0.5         47.93077754  19.11263903]
 [  0.5         37.50682919  15.30163162]
 [ -0.5        -41.15352669 -38.24098165]
 [ -0.5        -34.68229438 -48.85934598]
 [  0.5         19.76916957  38.01840543]
 [ -0.5        -26.98552607 -44.60367507]
 [ -0.5        -34.53507203 -26.37023487]
 [  0.5         33.97342774  23.33928705]
 [ -0.5        -35.33075478 -46.46356895]
 [ -0.5        -38.48939186 -23.78798182]
 [  0.5         33.68601377  21.41921916]
 [ -0.5        -44.83838788 -32.89968296]
 [  0.5         25.26739414  24.42790576]
 [  0.5         17.10603049  22.1047643 ]
 [ -0.5        -38.96204573 -34.48618   ]
 [ -0.5        -31.13550684 -34.97722898]
 [ -0.5        -40.09509038 -22.41081447]
 [  0.5         46.5571944   19.40033517]
 [  0.5         30.91510301  25.12805395]
 [  0.5         19.3929019   32.49784048]
 [ -0.5        -30.68964472 -36.40394366]
 [ -0.5        -42.7022597  -28.52599199]
 [  0.5         26.05398987  31.56381188]
 [ -0.5        -26.02270238 -34.71643006]
 [  0.5         20.11844687  35.58387401]
 [  0.5         27.31755278  26.10694294]
 [  0.5         16.95775005  49.43471787]
 [ -0.5        -32.08849444 -40.45403029]
 [  0.5         37.39462648  20.78670761]
 [  0.5         17.09182001  37.61886017]
 [ -0.5        -41.95119683 -28.15402311]
 [  0.5         25.77386013  23.42814513]
 [ -0.5        -47.22168388 -32.7844608 ]
 [  0.5         41.18437688  20.30912758]
 [  0.5         25.52387589  22.91135073]
 [  0.5         31.11133788  26.03049597]
 [ -0.5        -38.59651746 -35.2291    ]
 [ -0.5        -48.88579964 -43.36391117]
 [ -0.5        -31.0365319  -48.38441206]
 [ -0.5        -45.78248725 -44.34814627]
 [ -0.5        -39.97240897 -37.08155968]
 [ -0.5        -49.63626346 -30.4995155 ]
 [ -0.5        -45.27335706 -21.6953009 ]
 [  0.5         17.26225693  30.19817123]
 [  0.5         25.14324806  24.90226941]
 [  0.5         24.79333861  29.9044755 ]
 [ -0.5        -48.82281698 -34.43078636]
 [  0.5         16.28860008  47.79927381]
 [ -0.5        -37.12434568 -34.91228561]
 [ -0.5        -35.89823103 -39.22678112]
 [ -0.5        -37.69780573 -42.87996834]
 [  0.5         17.64305641  23.51025697]
 [  0.5         28.12690875  19.63073626]
 [  0.5         15.02941122  24.79648693]
 [  0.5         22.33413086  33.22504307]
 [  0.5         33.28044724  20.54604904]
 [ -0.5        -20.22877549 -48.76759274]
 [  0.5         24.53628161  25.94160591]
 [ -0.5        -40.13978701 -46.05803041]
 [ -0.5        -33.37335928 -30.49569701]
 [  0.5         16.36141652  21.65358653]
 [ -0.5        -32.01966021 -39.01584401]
 [ -0.5        -36.17324711 -48.11379648]
 [ -0.5        -30.22894287 -36.54749905]
 [ -0.5        -29.42047811 -37.92922416]
 [ -0.5        -49.9139289  -36.18462597]
 [ -0.5        -23.63213455 -44.2379325 ]
 [ -0.5        -25.2290799  -37.90492976]
 [  0.5         30.22777815  21.25420472]
 [  0.5         41.11333079  21.35993927]
 [ -0.5        -44.45694821 -34.90189445]
 [ -0.5        -47.41725336 -22.8471534 ]
 [ -0.5        -33.65962873 -33.29467659]
 [ -0.5        -28.61935316 -29.75714099]
 [ -0.5        -40.183378   -45.48007395]
 [ -0.5        -34.23426089 -42.79715355]
 [  0.5         21.03772727  39.422393  ]
 [ -0.5        -37.738851   -45.2122695 ]
 [ -0.5        -39.31771217 -48.32371358]
 [  0.5         26.17400199  30.38475263]
 [ -0.5        -47.04716556 -38.57955255]
 [ -0.5        -45.22427549 -43.75439588]
 [  0.5         27.74108057  17.78535174]
 [ -0.5        -37.24634621 -42.42256842]
 [ -0.5        -44.92290335 -22.67914181]
 [ -0.5        -41.74458137 -24.1901429 ]
 [ -0.5        -21.1308504  -43.55192547]
 [ -0.5        -49.6575044  -34.38770474]
 [ -0.5        -27.67000878 -32.465969  ]
 [ -0.5        -37.3879465  -44.76490645]]
Cost at initial theta (zeros): 
 0.6931471805599453
Gradient at initial theta (zeros): 
 [ -0.1        -12.00921659 -11.26284221]
